1.899315196145091589e+00
1.948354931038762894e+00
2.166412084075614697e+00
3.380400852773826070e-01
-3.193943147391843373e-01
2.934669999010025565e-02
7.299654568810782784e-01
-7.783222809900214312e-02
-1.426242158134847227e+00
-6.503207653215774542e-01
-1.262468433800260748e+00
-1.880390424004630523e+00
-2.739422743289119389e+00
-2.591952314355708609e+00
-3.813614533830725684e+00
-2.396585635811147696e+00
-2.175444376348809161e+00
-1.525551895382634804e+00
-2.048717369372359265e-01
-1.536317648002743175e+00
-1.314764808068613400e+00
-2.270821327778860699e+00
-4.376908647678007469e+00
-3.975212037201277582e+00
-3.524757834451758942e+00
-3.229281056136453998e+00
-5.180154737785699126e+00
-4.341250224549231262e+00
-4.168499875086190798e+00
-4.220959834243228848e+00
-3.249622826969312150e+00
-2.534558047176028062e+00
-3.026594066942975836e+00
-1.926436321752192704e+00
-2.098519546344995934e+00
-3.333967358765604239e+00
-6.164789219542765153e+00
-5.680117715191086880e+00
-6.807840755180357917e+00
-6.547903481480020105e+00
-7.591033026049049504e+00
-8.302338202148741075e+00
-7.211020478245361076e+00
-7.197109571395995609e+00
-7.193170116280374060e+00
-6.824337266684473491e+00
-6.091189285047071245e+00
-4.796610896755439946e+00
-6.311956236143013932e+00
-7.304551544793890905e+00
-7.180760689343759218e+00
-7.351784196945652994e+00
-7.549033703420399810e+00
-7.261435358906471293e+00
-6.911784400524005889e+00
-8.138777568638449367e+00
-7.724278460510211275e+00
-7.980850298455365532e+00
-6.773783312027907400e+00
-5.311721073870621979e+00
-5.626831678590046515e+00
-5.447265776829418371e+00
-4.964080069712935028e+00
-3.788123661767110129e+00
-4.021470489546316252e+00
-4.424154709646955119e+00
-3.773435140034157698e+00
-2.472441214368043205e+00
-2.902736792631740670e+00
-4.004122945032865921e+00
-4.874480252937950731e+00
-6.012814761910266981e+00
-5.296448005640540302e+00
-4.419651312844099955e+00
-2.897497072842559973e+00
-4.812942105316575514e+00
-4.073199640525291265e+00
-5.682238529365399415e+00
-4.828235178550424500e+00
-3.627018958802185278e+00
-3.347414146178139038e+00
-2.803560924975774693e+00
-2.375264292741535499e+00
-1.874995091103808242e+00
-1.008135666709899958e+00
-2.461731661886694233e+00
-2.100672661225697624e-01
-2.214815069681316029e+00
-1.739810278439559266e+00
-6.996551626309515104e-01
5.670816778561287297e-01
5.868718664983751943e-01
1.246963438969881377e-01
-1.103428297187880602e+00
-2.183413612822611150e+00
-5.177644547744126857e-01
-1.552532742031840773e-01
-1.732955046753033912e+00
-2.554364762072269812e+00
-3.126401509702986026e+00
